0	1	4	31	温州市	120.7	28.0
2	1	7	32	哈尔滨市	126.53	45.8
5	1	8	32	成都市	104.07	30.67
8	1	22	31	哈尔滨市	126.53	45.8
10	1	32	32	西安市	108.93	34.27
11	1	34	31	泸州市	105.43	28.87
12	1	35	31	宝鸡市	107.13	34.37
16	1	36	31	成都市	104.07	30.67
17	1	38	31	深圳市	114.05	22.55
19	1	44	31	杭州市	120.15	30.28
20	1	44	31	杭州市	120.15	30.28
21	1	46	31	成都市	104.07	30.67
24	1	51	31	武汉市	114.3	30.6
31	1	65	31	成都市	104.07	30.67
33	1	67	31	温州市	120.7	28.0
34	1	68	31	西安市	108.93	34.27
38	1	81	31	成都市	104.07	30.67
39	1	85	31	银川市	106.28	38.47
40	1	86	31	济南市	116.98	36.67
41	1	86	31	九江市	116.0	29.7
42	1	90	31	宜昌市	111.28	30.7
48	1	92	32	郑州市	113.62	34.75
49	1	92	31	南充市	106.08	30.78
51	1	93	32	贵阳市	106.63	26.65
53	1	93	32	深圳市	114.05	22.55
54	1	93	31	双鸭山市	131.15	46.63
57	1	94	31	松原市	124.82	45.13
58	1	94	32	九江市	116.0	29.7
59	1	95	32	西安市	108.93	34.27
60	1	95	32	福州市	119.3	26.08
61	1	95	31	成都市	104.07	30.67
62	1	95	32	哈尔滨市	126.53	45.8
68	1	99	31	呼和浩特市	111.73	40.83
69	1	99	31	济南市	116.98	36.67
71	1	99	31	昆明市	102.72	25.05
72	1	100	31	兰州市	103.82	36.07
74	1	100	32	柳州市	109.42	24.33
76	1	101	31	成都市	104.07	30.67
79	1	102	32	鞍山市	122.98	41.1
80	1	102	31	大连市	121.62	38.92
81	1	102	31	郑州市	113.62	34.75
84	1	103	31	成都市	104.07	30.67
85	1	103	31	辽阳市	123.17	41.27
87	1	103	31	杭州市	120.15	30.28
88	1	104	31	衢州市	118.87	28.93
91	1	104	31	南京市	118.78	32.07
100	1	105	33	武汉市	114.3	30.6
101	1	105	31	湘潭市	112.93	27.83
107	1	106	32	济南市	116.98	36.67
108	1	106	31	兰州市	103.82	36.07
109	1	106	32	石家庄市	114.52	38.05
110	1	106	32	厦门市	118.08	24.48
111	1	106	31	东莞市	113.75	23.05
114	1	106	32	青岛市	120.38	36.07
115	1	106	32	朔州市	112.43	39.33
117	1	106	31	广州市	113.27	23.13
119	1	108	31	大连市	121.62	38.92
121	1	109	32	南京市	118.78	32.07
123	1	109	32	长春市	125.32	43.9
126	1	109	31	广州市	113.27	23.13
131	1	110	31	大连市	121.62	38.92
132	1	110	31	东莞市	113.75	23.05
133	1	110	31	石家庄市	114.52	38.05
134	1	110	31	深圳市	114.05	22.55
135	1	111	34	东莞市	113.75	23.05
136	1	111	32	厦门市	118.08	24.48
137	1	112	31	珠海市	113.57	22.27
138	1	112	38	东莞市	113.75	23.05
143	1	112	31	铜陵市	117.82	30.93
144	1	112	31	福州市	119.3	26.08
147	1	112	32	厦门市	118.08	24.48
148	1	113	32	大连市	121.62	38.92
151	1	113	32	信阳市	114.07	32.13
154	1	113	31	兰州市	103.82	36.07
155	1	113	39	厦门市	118.08	24.48
157	1	114	33	厦门市	118.08	24.48
158	1	114	34	厦门市	118.08	24.48
163	1	114	33	成都市	104.07	30.67
164	1	114	32	厦门市	118.08	24.48
165	1	114	33	厦门市	118.08	24.48
167	1	114	31	厦门市	118.08	24.48
171	1	114	31	吉林市	126.55	43.83
176	1	114	32	厦门市	118.08	24.48
177	1	114	31	吉林市	126.55	43.83
180	1	114	32	济南市	116.98	36.67
181	1	114	34	杭州市	120.15	30.28
182	1	114	32	广州市	113.27	23.13
184	1	114	32	厦门市	118.08	24.48
185	1	114	31	厦门市	118.08	24.48
186	1	114	32	南宁市	108.37	22.82
188	1	114	31	烟台市	121.43	37.45
194	1	114	31	云浮市	112.03	22.92
195	1	114	32	南京市	118.78	32.07
196	1	114	35	贺州市	111.55	24.42
198	1	114	33	达州市	107.5	31.22
200	1	114	31	贺州市	111.55	24.42
202	1	115	34	武汉市	114.3	30.6
204	1	115	32	宜春市	114.38	27.8
205	1	115	31	南昌市	115.85	28.68
206	1	115	31	中山市	113.38	22.52
207	1	115	34	武汉市	114.3	30.6
211	1	115	32	深圳市	114.05	22.55
212	1	115	31	武汉市	114.3	30.6
215	1	115	31	厦门市	118.08	24.48
217	1	115	31	青岛市	120.38	36.07
219	1	115	31	厦门市	118.08	24.48
220	1	116	31	厦门市	118.08	24.48
221	1	116	31	阜阳市	115.82	32.9
223	1	116	31	泰安市	117.08	36.2
224	1	116	32	厦门市	118.08	24.48
225	1	116	31	东莞市	113.75	23.05
226	1	116	31	大连市	121.62	38.92
227	1	116	33	杭州市	120.15	30.28
228	1	116	31	青岛市	120.38	36.07
230	1	116	31	吴忠市	106.2	37.98
231	1	116	31	海口市	110.32	20.03
232	1	117	31	徐州市	117.18	34.27
234	1	117	31	昆明市	102.72	25.05
235	1	117	31	邵阳市	111.47	27.25
236	1	117	31	莆田市	119.0	25.43
237	1	117	32	惠州市	114.42	23.12
238	1	117	31	中山市	113.38	22.52
242	1	118	31	温州市	120.7	28.0
243	1	118	31	吉林市	126.55	43.83
244	1	118	33	洛阳市	112.45	34.62
245	1	118	32	德州市	116.3	37.45
246	1	118	31	南平市	118.17	26.65
247	1	118	32	广州市	113.27	23.13
252	1	118	31	长春市	125.32	43.9
253	1	119	31	福州市	119.3	26.08
255	1	119	31	杭州市	120.15	30.28
256	1	119	33	厦门市	118.08	24.48
257	1	119	31	衡阳市	112.57	26.9
258	1	119	33	广州市	113.27	23.13
264	1	120	32	深圳市	114.05	22.55
265	1	120	31	株洲市	113.13	27.83
266	1	120	31	南京市	118.78	32.07
271	1	121	31	深圳市	114.05	22.55
272	1	121	32	杭州市	120.15	30.28
273	1	121	31	珠海市	113.57	22.27
274	1	121	32	郑州市	113.62	34.75
276	1	121	31	厦门市	118.08	24.48
278	1	122	31	厦门市	118.08	24.48
279	1	122	39	乌鲁木齐市	87.62	43.82
285	1	122	31	广州市	113.27	23.13
286	1	122	31	厦门市	118.08	24.48
287	1	122	31	成都市	104.07	30.67
288	1	122	35	成都市	104.07	30.67
290	1	122	31	镇江市	119.45	32.2
292	1	123	31	武汉市	114.3	30.6
293	1	123	31	长春市	125.32	43.9
294	1	123	31	乌鲁木齐市	87.62	43.82
295	1	124	31	厦门市	118.08	24.48
296	1	124	31	兰州市	103.82	36.07
297	1	124	31	泉州市	118.67	24.88
298	1	124	31	辽源市	125.13	42.88
299	1	124	35	台州市	121.43	28.68
301	1	124	31	成都市	104.07	30.67
304	1	125	31	台州市	121.43	28.68
305	1	125	31	乌鲁木齐市	87.62	43.82
306	1	125	31	贵阳市	106.63	26.65
307	1	125	31	新余市	114.92	27.82
308	1	125	31	福州市	119.3	26.08
309	1	125	31	杭州市	120.15	30.28
310	1	125	32	西安市	108.93	34.27
311	1	125	31	西安市	108.93	34.27
314	1	126	31	兰州市	103.82	36.07
316	1	126	31	宜宾市	104.62	28.77
319	1	127	32	青岛市	120.38	36.07
323	1	127	35	广州市	113.27	23.13
325	1	127	31	桂林市	110.28	25.28
333	1	127	31	深圳市	114.05	22.55
335	1	128	33	厦门市	118.08	24.48
336	1	128	32	成都市	104.07	30.67
337	1	128	31	台南市	120.2	23.0
338	1	128	31	台州市	121.43	28.68
339	1	128	31	朝阳市	120.45	41.57
340	1	128	31	福州市	119.3	26.08
342	1	129	31	哈尔滨市	126.53	45.8
343	1	129	31	乌鲁木齐市	87.62	43.82
344	1	129	32	广州市	113.27	23.13
346	1	130	32	郑州市	113.62	34.75
349	1	130	31	贵阳市	106.63	26.65
352	1	131	31	西安市	108.93	34.27
353	1	132	35	武汉市	114.3	30.6
354	1	132	32	福州市	119.3	26.08
357	1	132	34	韶关市	113.6	24.82
358	1	132	31	金华市	119.65	29.08
360	1	132	31	临沂市	118.35	35.05
362	1	133	31	厦门市	118.08	24.48
364	1	133	31	芜湖市	118.38	31.33
381	1	133	31	乌鲁木齐市	87.62	43.82
385	1	134	31	南京市	118.78	32.07
388	1	134	32	厦门市	118.08	24.48
390	1	135	31	大庆市	125.03	46.58
391	1	135	32	太原市	112.55	37.87
392	1	135	31	苏州市	120.58	31.3
395	1	136	32	厦门市	118.08	24.48
398	1	136	31	苏州市	120.58	31.3
399	1	136	31	莆田市	119.0	25.43
400	1	136	31	石家庄市	114.52	38.05
402	1	137	32	广州市	113.27	23.13
404	1	137	31	厦门市	118.08	24.48
406	1	137	33	青岛市	120.38	36.07
407	1	137	31	苏州市	120.58	31.3
409	1	138	31	贵阳市	106.63	26.65
412	1	138	32	海口市	110.32	20.03
413	1	138	31	济南市	116.98	36.67
415	1	139	31	无锡市	120.3	31.57
416	1	140	31	北海市	109.12	21.48
417	1	140	32	厦门市	118.08	24.48
419	1	140	31	长春市	125.32	43.9
420	1	141	32	咸阳市	108.7	34.33
423	1	141	31	西安市	108.93	34.27
424	1	141	31	沧州市	116.83	38.3
426	1	142	31	苏州市	120.58	31.3
428	1	142	31	成都市	104.07	30.67
429	1	142	31	厦门市	118.08	24.48
430	1	142	33	武汉市	114.3	30.6
431	1	142	31	新余市	114.92	27.82
432	1	142	35	泸州市	105.43	28.87
435	1	143	31	太原市	112.55	37.87
436	1	143	31	珠海市	113.57	22.27
437	1	143	31	烟台市	121.43	37.45
442	1	144	32	哈尔滨市	126.53	45.8
445	1	145	32	郑州市	113.62	34.75
448	1	145	31	厦门市	118.08	24.48
449	1	145	32	石家庄市	114.52	38.05
451	1	145	32	青岛市	120.38	36.07
452	1	145	31	烟台市	121.43	37.45
453	1	145	31	武汉市	114.3	30.6
455	1	146	32	石家庄市	114.52	38.05
457	1	147	33	福州市	119.3	26.08
458	1	148	31	贵阳市	106.63	26.65
461	1	149	31	咸阳市	108.7	34.33
463	1	149	32	合肥市	117.25	31.83
465	1	150	31	厦门市	118.08	24.48
466	1	150	32	广安市	106.63	30.47
467	1	150	31	武汉市	114.3	30.6
470	1	151	31	衡水市	115.68	37.73
471	1	151	31	长沙市	112.93	28.23
473	1	151	39	贵阳市	106.63	26.65
475	1	151	34	宁波市	121.55	29.88
480	1	151	33	贵阳市	106.63	26.65
481	1	151	31	中山市	113.38	22.52
482	1	151	31	杭州市	120.15	30.28
483	1	152	37	泸州市	105.43	28.87
484	1	152	32	珠海市	113.57	22.27
486	1	152	31	贵阳市	106.63	26.65
487	1	152	34	贵阳市	106.63	26.65
491	1	152	31	贵阳市	106.63	26.65
492	1	152	31	宁波市	121.55	29.88
495	1	152	31	成都市	104.07	30.67
497	1	152	31	成都市	104.07	30.67
501	1	152	31	哈尔滨市	126.53	45.8
502	1	152	32	莆田市	119.0	25.43
503	1	152	31	和田市	79.92	37.12
505	1	152	32	南京市	118.78	32.07
506	1	152	31	安阳市	114.38	36.1
507	1	152	31	贵阳市	106.63	26.65
508	1	152	33	福州市	119.3	26.08
509	1	152	31	福州市	119.3	26.08
510	1	152	31	株洲市	113.13	27.83
511	1	152	31	厦门市	118.08	24.48
512	1	152	31	东莞市	113.75	23.05
513	1	152	31	贵阳市	106.63	26.65
514	1	152	31	烟台市	121.43	37.45
515	1	152	31	大连市	121.62	38.92
516	1	152	31	德州市	116.3	37.45
517	1	153	32	邯郸市	114.48	36.62
518	1	153	31	遂宁市	105.57	30.52
519	1	153	32	武威市	102.63	37.93
521	1	153	31	十堰市	110.78	32.65
522	1	153	31	青岛市	120.38	36.07
523	1	153	31	济南市	116.98	36.67
525	1	154	35	南昌市	115.85	28.68
526	1	154	32	贵阳市	106.63	26.65
527	1	154	31	兰州市	103.82	36.07
530	1	155	32	厦门市	118.08	24.48
531	1	155	31	乌鲁木齐市	87.62	43.82
532	1	155	31	常州市	119.95	31.78
533	1	155	31	烟台市	121.43	37.45
534	1	155	32	南通市	120.88	31.98
535	1	155	31	郑州市	113.62	34.75
536	1	155	31	信阳市	114.07	32.13
538	1	155	33	资阳市	104.65	30.12
539	1	155	32	厦门市	118.08	24.48
541	1	155	32	福州市	119.3	26.08
542	1	155	31	酒泉市	98.52	39.75
543	1	156	32	韶关市	113.6	24.82
546	1	156	31	武汉市	114.3	30.6
548	1	156	31	贵阳市	106.63	26.65
549	1	156	32	杭州市	120.15	30.28
550	1	157	34	泸州市	105.43	28.87
551	1	157	31	淄博市	118.05	36.82
554	1	157	32	徐州市	117.18	34.27
555	1	158	34	宁德市	119.52	26.67
558	1	158	37	宜宾市	104.62	28.77
559	1	158	32	琼海市	110.47	19.25
560	1	158	33	宜宾市	104.62	28.77
561	1	158	31	宜宾市	104.62	28.77
563	1	158	31	沈阳市	123.43	41.8
565	1	159	32	长春市	125.32	43.9
566	1	159	31	宜宾市	104.62	28.77
567	1	159	31	石家庄市	114.52	38.05
568	1	159	32	南京市	118.78	32.07
569	1	159	31	珠海市	113.57	22.27
570	1	159	31	福州市	119.3	26.08
571	1	160	32	石家庄市	114.52	38.05
572	1	160	31	昆明市	102.72	25.05
573	1	160	31	南昌市	115.85	28.68
574	1	160	31	长春市	125.32	43.9
575	1	160	31	成都市	104.07	30.67
577	1	160	33	武汉市	114.3	30.6
579	2	15	62	和田市	79.92	37.12
580	2	15	62	喀什市	75.98	39.47
583	2	19	61	喀什市	75.98	39.47
585	2	23	61	喀什市	75.98	39.47
586	2	23	62	喀什市	75.98	39.47
593	2	49	61	深圳市	114.05	22.55
596	2	51	61	喀什市	75.98	39.47
600	2	65	61	喀什市	75.98	39.47
601	2	65	62	和田市	79.92	37.12
602	2	65	61	乌鲁木齐市	87.62	43.82
604	2	67	61	喀什市	75.98	39.47
606	2	71	61	扬州市	119.4	32.4
610	2	86	61	乌鲁木齐市	87.62	43.82
617	2	88	61	和田市	79.92	37.12
624	2	91	61	乌鲁木齐市	87.62	43.82
625	2	92	61	平凉市	106.67	35.55
628	2	92	61	六安市	116.5	31.77
629	2	92	61	成都市	104.07	30.67
630	2	92	61	济南市	116.98	36.67
632	2	93	65	张家口市	114.88	40.82
634	2	93	61	乌鲁木齐市	87.62	43.82
640	2	93	61	邢台市	114.48	37.07
645	2	95	61	西安市	108.93	34.27
652	2	95	61	昆明市	102.72	25.05
653	2	95	61	金华市	119.65	29.08
654	2	96	61	株洲市	113.13	27.83
658	2	98	61	昆明市	102.72	25.05
660	2	98	61	深圳市	114.05	22.55
664	2	98	61	广州市	113.27	23.13
675	2	100	61	哈尔滨市	126.53	45.8
676	2	100	61	喀什市	75.98	39.47
689	2	103	61	长沙市	112.93	28.23
703	2	105	62	济南市	116.98	36.67
704	2	105	62	常德市	111.68	29.05
707	2	105	61	昆明市	102.72	25.05
708	2	106	62	厦门市	118.08	24.48
709	2	106	69	喀什市	75.98	39.47
710	2	106	61	廊坊市	116.7	39.52
711	2	106	65	长沙市	112.93	28.23
716	2	106	61	信阳市	114.07	32.13
721	2	106	61	南京市	118.78	32.07
723	2	106	61	昆明市	102.72	25.05
725	2	107	61	南京市	118.78	32.07
726	2	107	61	昆明市	102.72	25.05
727	2	107	61	宜昌市	111.28	30.7
729	2	107	61	西安市	108.93	34.27
732	2	107	69	喀什市	75.98	39.47
735	2	107	63	商丘市	115.65	34.45
737	2	107	62	雅安市	103.0	29.98
741	2	108	62	喀什市	75.98	39.47
742	2	108	68	喀什市	75.98	39.47
744	2	108	61	喀什市	75.98	39.47
745	2	108	61	兰州市	103.82	36.07
746	2	108	62	喀什市	75.98	39.47
747	2	108	61	喀什市	75.98	39.47
748	2	108	69	喀什市	75.98	39.47
749	2	108	62	喀什市	75.98	39.47
751	2	108	69	喀什市	75.98	39.47
754	2	108	64	喀什市	75.98	39.47
755	2	108	61	喀什市	75.98	39.47
760	2	108	61	大同市	113.3	40.08
761	2	108	61	克拉玛依市	84.87	45.6
765	2	109	61	西安市	108.93	34.27
766	2	109	61	乌鲁木齐市	87.62	43.82
775	2	110	61	乌鲁木齐市	87.62	43.82
777	2	110	61	喀什市	75.98	39.47
781	2	110	61	广州市	113.27	23.13
783	2	110	61	镇江市	119.45	32.2
786	2	111	61	东莞市	113.75	23.05
788	2	111	61	图木舒克市	79.13	39.85
791	2	111	61	西安市	108.93	34.27
794	2	112	62	宁波市	121.55	29.88
797	2	112	61	包头市	109.83	40.65
801	2	112	61	乌鲁木齐市	87.62	43.82
807	2	113	61	广州市	113.27	23.13
808	2	113	61	青岛市	120.38	36.07
815	2	114	62	厦门市	118.08	24.48
816	2	114	61	成都市	104.07	30.67
817	2	114	61	厦门市	118.08	24.48
818	2	114	61	成都市	104.07	30.67
819	2	114	61	成都市	104.07	30.67
821	2	114	61	天门市	113.17	30.67
822	2	114	62	乌鲁木齐市	87.62	43.82
824	2	114	61	台北市	121.5	25.03
827	2	115	62	和田市	79.92	37.12
828	2	115	65	攀枝花市	101.72	26.58
829	2	115	61	乌鲁木齐市	87.62	43.82
832	2	115	61	武汉市	114.3	30.6
833	2	115	61	海口市	110.32	20.03
838	2	116	63	乌鲁木齐市	87.62	43.82
840	2	116	61	信阳市	114.07	32.13
841	2	116	69	和田市	79.92	37.12
842	2	116	61	喀什市	75.98	39.47
846	2	116	69	吐鲁番市	89.17	42.95
848	2	116	62	厦门市	118.08	24.48
849	2	117	61	周口市	114.65	33.62
851	2	117	61	克拉玛依市	84.87	45.6
852	2	117	62	哈密市	93.52	42.83
853	2	117	68	舟山市	122.2	30.0
855	2	117	66	和田市	79.92	37.12
856	2	117	66	和田市	79.92	37.12
857	2	117	61	张家界市	110.47	29.13
858	2	117	61	石家庄市	114.52	38.05
861	2	117	66	和田市	79.92	37.12
862	2	117	61	青岛市	120.38	36.07
863	2	117	64	丽江市	100.23	26.88
873	2	117	61	石河子市	86.03	44.3
877	2	117	62	吐鲁番市	89.17	42.95
882	2	117	61	徐州市	117.18	34.27
887	2	117	63	昌吉市	87.3	44.02
894	2	117	61	乌鲁木齐市	87.62	43.82
896	2	117	62	石河子市	86.03	44.3
898	2	117	61	吐鲁番市	89.17	42.95
900	2	117	62	乌鲁木齐市	87.62	43.82
902	2	117	61	喀什市	75.98	39.47
906	2	117	62	乌鲁木齐市	87.62	43.82
911	2	117	61	晋城市	112.83	35.5
913	2	117	62	乌鲁木齐市	87.62	43.82
916	2	117	61	五家渠市	87.53	44.17
918	2	118	61	喀什市	75.98	39.47
919	2	118	61	和田市	79.92	37.12
921	2	118	61	乌鲁木齐市	87.62	43.82
931	2	118	61	桂林市	110.28	25.28
935	2	118	61	和田市	79.92	37.12
944	2	118	61	图木舒克市	79.13	39.85
950	2	119	61	广州市	113.27	23.13
951	2	119	61	阿克苏市	80.27	41.17
953	2	119	63	苏州市	120.58	31.3
955	2	119	62	厦门市	118.08	24.48
959	2	120	61	乌鲁木齐市	87.62	43.82
962	2	120	61	昆明市	102.72	25.05
964	2	120	61	和田市	79.92	37.12
966	2	120	61	哈尔滨市	126.53	45.8
968	2	120	61	昆明市	102.72	25.05
969	2	120	63	厦门市	118.08	24.48
977	2	121	61	厦门市	118.08	24.48
978	2	121	61	昆明市	102.72	25.05
979	2	121	61	珠海市	113.57	22.27
980	2	121	63	厦门市	118.08	24.48
981	2	121	61	乌鲁木齐市	87.62	43.82
982	2	121	62	常州市	119.95	31.78
984	2	121	61	深圳市	114.05	22.55
986	2	121	61	南京市	118.78	32.07
987	2	121	61	厦门市	118.08	24.48
990	2	121	61	成都市	104.07	30.67
991	2	121	69	喀什市	75.98	39.47
996	2	122	61	宜宾市	104.62	28.77
1001	2	122	61	昆明市	102.72	25.05
1003	2	122	61	吐鲁番市	89.17	42.95
1004	2	122	61	宜宾市	104.62	28.77
1005	2	122	61	厦门市	118.08	24.48
1010	2	123	61	广州市	113.27	23.13
1012	2	123	62	南平市	118.17	26.65
1015	2	123	61	昆明市	102.72	25.05
1017	2	123	64	扬州市	119.4	32.4
1019	2	123	61	乌鲁木齐市	87.62	43.82
1020	2	123	61	厦门市	118.08	24.48
1022	2	123	62	海口市	110.32	20.03
1025	2	123	61	东莞市	113.75	23.05
1026	2	123	61	松原市	124.82	45.13
1027	2	124	61	昌吉市	87.3	44.02
1030	2	124	61	淄博市	118.05	36.82
1032	2	124	61	乌鲁木齐市	87.62	43.82
1036	2	124	64	安阳市	114.38	36.1
1037	2	124	62	乌鲁木齐市	87.62	43.82
1038	2	124	67	枣庄市	117.32	34.82
1039	2	124	63	抚顺市	123.98	41.88
1045	2	125	62	成都市	104.07	30.67
1047	2	125	61	喀什市	75.98	39.47
1048	2	125	67	喀什市	75.98	39.47
1049	2	125	62	成都市	104.07	30.67
1050	2	125	61	成都市	104.07	30.67
1055	2	126	61	太原市	112.55	37.87
1058	2	126	62	大连市	121.62	38.92
1064	2	127	62	喀什市	75.98	39.47
1065	2	127	61	青岛市	120.38	36.07
1075	2	128	61	成都市	104.07	30.67
1078	2	129	63	临沧市	100.08	23.88
1080	2	129	61	东莞市	113.75	23.05
1082	2	129	61	汕尾市	115.37	22.78
1084	2	129	61	曲靖市	103.8	25.5
1087	2	130	61	南阳市	112.52	33.0
1089	2	130	61	枣庄市	117.32	34.82
1090	2	130	61	周口市	114.65	33.62
1093	2	130	64	惠州市	114.42	23.12
1094	2	130	61	深圳市	114.05	22.55
1096	2	130	62	大同市	113.3	40.08
1106	2	131	61	昆明市	102.72	25.05
1108	2	132	61	成都市	104.07	30.67
1112	2	132	62	厦门市	118.08	24.48
1114	2	133	61	厦门市	118.08	24.48
1115	2	133	69	和田市	79.92	37.12
1116	2	133	61	承德市	117.93	40.97
1120	2	133	61	乌鲁木齐市	87.62	43.82
1122	2	133	61	福州市	119.3	26.08
1123	2	133	61	锦州市	121.13	41.1
1127	2	133	61	河源市	114.7	23.73
1129	2	133	61	郑州市	113.62	34.75
1135	2	134	62	池州市	117.48	30.67
1142	2	134	62	廊坊市	116.7	39.52
1144	2	134	61	德州市	116.3	37.45
1151	2	134	61	广州市	113.27	23.13
1161	2	135	66	和田市	79.92	37.12
1163	2	135	61	广州市	113.27	23.13
1165	2	135	61	喀什市	75.98	39.47
1169	2	135	61	晋城市	112.83	35.5
1172	2	135	61	南阳市	112.52	33.0
1174	2	135	64	太原市	112.55	37.87
1176	2	135	61	阿克苏市	80.27	41.17
1177	2	135	61	成都市	104.07	30.67
1178	2	135	61	乌鲁木齐市	87.62	43.82
1179	2	135	63	温州市	120.7	28.0
1185	2	136	61	厦门市	118.08	24.48
1186	2	136	61	厦门市	118.08	24.48
1189	2	136	61	南宁市	108.37	22.82
1195	2	136	61	哈尔滨市	126.53	45.8
1198	2	137	61	喀什市	75.98	39.47
1199	2	137	68	喀什市	75.98	39.47
1200	2	137	61	桂林市	110.28	25.28
1208	2	137	61	厦门市	118.08	24.48
1214	2	138	61	青岛市	120.38	36.07
1216	2	138	61	广州市	113.27	23.13
1220	2	138	61	广州市	113.27	23.13
1221	2	138	62	喀什市	75.98	39.47
1225	2	139	61	沈阳市	123.43	41.8
1227	2	139	61	深圳市	114.05	22.55
1228	2	139	61	南平市	118.17	26.65
1235	2	140	61	台北市	121.5	25.03
1236	2	140	61	河池市	108.07	24.7
1237	2	140	61	喀什市	75.98	39.47
1238	2	140	64	喀什市	75.98	39.47
1241	2	141	69	喀什市	75.98	39.47
1243	2	141	61	合肥市	117.25	31.83
1247	2	141	61	桂林市	110.28	25.28
1248	2	141	62	喀什市	75.98	39.47
1251	2	141	61	乌鲁木齐市	87.62	43.82
1253	2	142	62	漳州市	117.65	24.52
1258	2	142	62	广州市	113.27	23.13
1259	2	142	61	深圳市	114.05	22.55
1261	2	142	66	双鸭山市	131.15	46.63
1262	2	142	61	成都市	104.07	30.67
1265	2	142	61	莆田市	119.0	25.43
1266	2	142	61	东莞市	113.75	23.05
1267	2	143	62	杭州市	120.15	30.28
1268	2	143	67	喀什市	75.98	39.47
1275	2	143	61	杭州市	120.15	30.28
1286	2	143	61	深圳市	114.05	22.55
1287	2	143	61	乌鲁木齐市	87.62	43.82
1292	2	143	61	深圳市	114.05	22.55
1298	2	145	65	昆明市	102.72	25.05
1300	2	145	61	丽江市	100.23	26.88
1302	2	145	61	南阳市	112.52	33.0
1306	2	145	61	南昌市	115.85	28.68
1308	2	145	61	昆明市	102.72	25.05
1312	2	146	67	哈尔滨市	126.53	45.8
1314	2	146	61	乌鲁木齐市	87.62	43.82
1317	2	146	61	乌鲁木齐市	87.62	43.82
1319	2	147	69	阿克苏市	80.27	41.17
1325	2	147	61	和田市	79.92	37.12
1328	2	147	61	长沙市	112.93	28.23
1329	2	147	61	南京市	118.78	32.07
1333	2	147	61	湖州市	120.08	30.9
1346	2	150	61	太原市	112.55	37.87
1347	2	150	62	厦门市	118.08	24.48
1350	2	150	62	昆明市	102.72	25.05
1351	2	150	61	昆明市	102.72	25.05
1354	2	151	64	昆明市	102.72	25.05
1355	2	151	61	昆明市	102.72	25.05
1356	2	151	62	昆明市	102.72	25.05
1357	2	152	61	昆明市	102.72	25.05
1358	2	152	69	昆明市	102.72	25.05
1360	2	152	66	昆明市	102.72	25.05
1362	2	152	69	昆明市	102.72	25.05
1363	2	152	65	喀什市	75.98	39.47
1364	2	152	65	昆明市	102.72	25.05
1365	2	152	62	昆明市	102.72	25.05
1366	2	152	63	昆明市	102.72	25.05
1367	2	152	65	昆明市	102.72	25.05
1368	2	152	63	昆明市	102.72	25.05
1370	2	152	62	昆明市	102.72	25.05
1372	2	152	61	昆明市	102.72	25.05
1373	2	152	62	昆明市	102.72	25.05
1374	2	152	61	昆明市	102.72	25.05
1375	2	152	61	昆明市	102.72	25.05
1377	2	152	69	昆明市	102.72	25.05
1378	2	152	61	昆明市	102.72	25.05
1379	2	152	68	昆明市	102.72	25.05
1380	2	152	62	昆明市	102.72	25.05
1381	2	152	62	昆明市	102.72	25.05
1382	2	152	61	昆明市	102.72	25.05
1383	2	152	64	昆明市	102.72	25.05
1384	2	152	61	昆明市	102.72	25.05
1385	2	152	62	昆明市	102.72	25.05
1386	2	152	65	昆明市	102.72	25.05
1387	2	152	62	昆明市	102.72	25.05
1388	2	152	61	昆明市	102.72	25.05
1389	2	152	61	昆明市	102.72	25.05
1390	2	152	62	昆明市	102.72	25.05
1391	2	152	63	昆明市	102.72	25.05
1395	2	152	61	昆明市	102.72	25.05
1397	2	152	67	昆明市	102.72	25.05
1398	2	152	61	昆明市	102.72	25.05
1399	2	152	61	昆明市	102.72	25.05
1400	2	152	61	昆明市	102.72	25.05
1402	2	152	61	昆明市	102.72	25.05
1406	2	152	61	昆明市	102.72	25.05
1410	2	152	61	昆明市	102.72	25.05
1411	2	152	62	南昌市	115.85	28.68
1412	2	152	62	昆明市	102.72	25.05
1413	2	152	63	昆明市	102.72	25.05
1414	2	152	61	昆明市	102.72	25.05
1420	2	152	61	昆明市	102.72	25.05
1423	2	152	61	昆明市	102.72	25.05
1424	2	152	62	昆明市	102.72	25.05
1428	2	152	62	昆明市	102.72	25.05
1429	2	152	61	呼伦贝尔市	119.77	49.22
1430	2	152	62	昆明市	102.72	25.05
1431	2	152	61	昆明市	102.72	25.05
1432	2	152	63	昆明市	102.72	25.05
1433	2	152	63	昆明市	102.72	25.05
1434	2	152	62	昆明市	102.72	25.05
1435	2	152	62	昆明市	102.72	25.05
1436	2	152	61	昆明市	102.72	25.05
1437	2	152	63	西安市	108.93	34.27
1438	2	152	62	昆明市	102.72	25.05
1439	2	152	61	昆明市	102.72	25.05
1441	2	152	62	昆明市	102.72	25.05
1442	2	152	62	昆明市	102.72	25.05
1443	2	152	61	昆明市	102.72	25.05
1444	2	152	61	昆明市	102.72	25.05
1445	2	152	64	成都市	104.07	30.67
1446	2	152	61	昆明市	102.72	25.05
1447	2	152	63	昆明市	102.72	25.05
1449	2	152	62	昆明市	102.72	25.05
1450	2	152	61	昆明市	102.72	25.05
1451	2	152	61	眉山市	103.83	30.05
1452	2	152	61	昆明市	102.72	25.05
1454	2	152	61	昆明市	102.72	25.05
1455	2	152	62	杭州市	120.15	30.28
1456	2	152	62	昆明市	102.72	25.05
1457	2	152	61	昆明市	102.72	25.05
1458	2	152	61	昆明市	102.72	25.05
1459	2	152	61	昆明市	102.72	25.05
1460	2	152	61	昆明市	102.72	25.05
1461	2	152	65	昆明市	102.72	25.05
1462	2	152	63	昆明市	102.72	25.05
1463	2	152	61	昆明市	102.72	25.05
1464	2	152	62	昆明市	102.72	25.05
1465	2	152	61	昆明市	102.72	25.05
1466	2	152	65	昆明市	102.72	25.05
1468	2	152	61	昆明市	102.72	25.05
1469	2	152	62	厦门市	118.08	24.48
1470	2	152	61	昆明市	102.72	25.05
1471	2	152	61	贵阳市	106.63	26.65
1473	2	152	62	昆明市	102.72	25.05
1474	2	152	61	昆明市	102.72	25.05
1475	2	152	64	昆明市	102.72	25.05
1476	2	152	64	昆明市	102.72	25.05
1477	2	152	61	昆明市	102.72	25.05
1478	2	152	64	广州市	113.27	23.13
1480	2	152	63	昆明市	102.72	25.05
1481	2	152	61	昆明市	102.72	25.05
1482	2	152	61	昆明市	102.72	25.05
1483	2	152	62	昆明市	102.72	25.05
1484	2	152	62	乌鲁木齐市	87.62	43.82
1485	2	152	61	昆明市	102.72	25.05
1486	2	152	61	淄博市	118.05	36.82
1487	2	152	62	兰州市	103.82	36.07
1488	2	152	61	和田市	79.92	37.12
1489	2	152	61	昆明市	102.72	25.05
1490	2	152	61	乌鲁木齐市	87.62	43.82
1491	2	152	65	昆明市	102.72	25.05
1492	2	152	64	昆明市	102.72	25.05
1493	2	152	61	昆明市	102.72	25.05
1494	2	152	63	昆明市	102.72	25.05
1496	2	152	61	昆明市	102.72	25.05
1497	2	152	61	桂林市	110.28	25.28
1499	2	152	61	昆明市	102.72	25.05
1500	2	152	61	昆明市	102.72	25.05
1501	2	152	61	绵阳市	104.73	31.47
1502	2	152	61	昆明市	102.72	25.05
1503	2	152	61	昆明市	102.72	25.05
1504	2	152	62	东莞市	113.75	23.05
1505	2	152	61	昆明市	102.72	25.05
1506	2	152	61	昆明市	102.72	25.05
1507	2	152	61	和田市	79.92	37.12
1508	2	152	61	十堰市	110.78	32.65
1509	2	152	61	武汉市	114.3	30.6
1510	2	152	61	昆明市	102.72	25.05
1512	2	152	63	延安市	109.48	36.6
1513	2	152	62	漳州市	117.65	24.52
1514	2	152	61	昆明市	102.72	25.05
1515	2	152	62	昆明市	102.72	25.05
1516	2	152	63	昆明市	102.72	25.05
1517	2	152	62	酒泉市	98.52	39.75
1518	2	152	62	昆明市	102.72	25.05
1519	2	152	61	贵港市	109.6	23.1
1520	2	152	61	昆明市	102.72	25.05
1521	2	152	61	昆明市	102.72	25.05
1522	2	152	61	杭州市	120.15	30.28
1523	2	152	61	昆明市	102.72	25.05
1524	2	152	65	昆明市	102.72	25.05
1525	2	152	61	昆明市	102.72	25.05
1526	2	152	61	昆明市	102.72	25.05
1527	2	152	61	昆明市	102.72	25.05
1528	2	152	61	昆明市	102.72	25.05
1529	2	152	61	乌鲁木齐市	87.62	43.82
1530	2	152	61	昆明市	102.72	25.05
1531	2	152	61	昆明市	102.72	25.05
1532	2	152	61	昆明市	102.72	25.05
1533	2	152	61	昆明市	102.72	25.05
1535	2	152	61	六盘水市	104.83	26.6
1536	2	152	61	喀什市	75.98	39.47
1537	2	152	61	泸州市	105.43	28.87
1538	2	152	61	昆明市	102.72	25.05
1539	2	152	61	昆明市	102.72	25.05
1540	2	152	64	昆明市	102.72	25.05
1541	2	152	61	济南市	116.98	36.67
1542	2	152	61	昆明市	102.72	25.05
1543	2	152	62	昆明市	102.72	25.05
1544	2	152	61	昆明市	102.72	25.05
1545	2	152	61	潍坊市	119.15	36.7
1546	2	152	61	昆明市	102.72	25.05
1547	2	152	62	珠海市	113.57	22.27
1548	2	152	61	昆明市	102.72	25.05
1549	2	152	61	昆明市	102.72	25.05
1550	2	152	62	昆明市	102.72	25.05
1551	2	152	61	昆明市	102.72	25.05
1552	2	152	61	昆明市	102.72	25.05
1555	2	152	61	昆明市	102.72	25.05
1556	2	152	61	怀化市	110.0	27.57
1558	2	152	61	喀什市	75.98	39.47
1559	2	152	61	丽江市	100.23	26.88
1560	2	152	61	昆明市	102.72	25.05
1561	2	152	61	江门市	113.08	22.58
1562	2	152	61	包头市	109.83	40.65
1563	2	152	61	昆明市	102.72	25.05
1566	2	153	67	昆明市	102.72	25.05
1567	2	153	61	昆明市	102.72	25.05
1568	2	153	61	丽水市	119.92	28.45
1572	2	153	61	昆明市	102.72	25.05
1573	2	153	61	昭通市	103.72	27.33
1577	2	153	61	昆明市	102.72	25.05
1579	2	153	61	昆明市	102.72	25.05
1580	2	153	64	昆明市	102.72	25.05
1581	2	153	61	邵阳市	111.47	27.25
1582	2	153	61	济宁市	116.58	35.42
1584	2	153	61	昆明市	102.72	25.05
1585	2	153	61	昆明市	102.72	25.05
1593	2	153	61	黄山市	118.33	29.72
1594	2	153	61	昆明市	102.72	25.05
1595	2	153	61	昆明市	102.72	25.05
1599	2	153	61	梧州市	111.27	23.48
1600	2	153	61	昆明市	102.72	25.05
1601	2	153	61	昆明市	102.72	25.05
1602	2	153	63	南充市	106.08	30.78
1603	2	153	62	昆明市	102.72	25.05
1605	2	153	61	昆明市	102.72	25.05
1606	2	153	61	昆明市	102.72	25.05
1608	2	153	61	昆明市	102.72	25.05
1611	2	153	64	昆明市	102.72	25.05
1612	2	153	61	昆明市	102.72	25.05
1614	2	153	61	昆明市	102.72	25.05
1616	2	153	61	深圳市	114.05	22.55
1617	2	153	61	昆明市	102.72	25.05
1619	2	153	61	昆明市	102.72	25.05
1621	2	153	61	淄博市	118.05	36.82
1622	2	153	63	武汉市	114.3	30.6
1623	2	153	63	昆明市	102.72	25.05
1624	2	153	61	昆明市	102.72	25.05
1625	2	153	61	昆明市	102.72	25.05
1626	2	153	61	昆明市	102.72	25.05
1627	2	153	61	淄博市	118.05	36.82
1630	2	153	63	昆明市	102.72	25.05
1631	2	153	61	九江市	116.0	29.7
1632	2	153	61	昆明市	102.72	25.05
1634	2	154	63	昆明市	102.72	25.05
1635	2	154	61	昆明市	102.72	25.05
1636	2	154	61	昆明市	102.72	25.05
1637	2	154	63	长沙市	112.93	28.23
1638	2	154	61	昆明市	102.72	25.05
1640	2	154	61	厦门市	118.08	24.48
1641	2	154	61	昆明市	102.72	25.05
1642	2	154	61	昆明市	102.72	25.05
1646	2	154	61	湛江市	110.35	21.27
1648	2	154	62	株洲市	113.13	27.83
1650	2	154	64	广元市	105.83	32.43
1651	2	154	62	淄博市	118.05	36.82
1655	2	154	68	乌鲁木齐市	87.62	43.82
1656	2	154	61	河池市	108.07	24.7
1657	2	154	61	昆明市	102.72	25.05
1660	2	154	61	深圳市	114.05	22.55
1661	2	154	61	昆明市	102.72	25.05
1662	2	154	67	昆明市	102.72	25.05
1665	2	154	61	昆明市	102.72	25.05
1666	2	154	61	珠海市	113.57	22.27
1669	2	154	61	昆明市	102.72	25.05
1674	2	154	64	武汉市	114.3	30.6
1675	2	154	62	南京市	118.78	32.07
1677	2	155	62	中山市	113.38	22.52
1678	2	155	61	昆明市	102.72	25.05
1679	2	155	62	乌鲁木齐市	87.62	43.82
1680	2	155	64	昆明市	102.72	25.05
1682	2	155	61	宜宾市	104.62	28.77
1683	2	155	61	昆明市	102.72	25.05
1684	2	155	61	温州市	120.7	28.0
1685	2	155	61	安阳市	114.38	36.1
1687	2	155	61	咸阳市	108.7	34.33
1688	2	155	64	昆明市	102.72	25.05
1691	2	155	61	沈阳市	123.43	41.8
1692	2	155	62	昆明市	102.72	25.05
1693	2	155	61	怀化市	110.0	27.57
1694	2	155	61	昆明市	102.72	25.05
1695	2	155	61	昆明市	102.72	25.05
1696	2	155	61	昆明市	102.72	25.05
1699	2	155	63	昆明市	102.72	25.05
1701	2	155	61	昆明市	102.72	25.05
1703	2	155	61	岳阳市	113.12	29.37
1704	2	155	61	太原市	112.55	37.87
1705	2	156	61	昆明市	102.72	25.05
1706	2	156	61	昆明市	102.72	25.05
1707	2	156	61	临沧市	100.08	23.88
1708	2	156	61	成都市	104.07	30.67
1709	2	156	61	佛山市	113.12	23.02
1711	2	156	61	宿迁市	118.28	33.97
1715	2	156	61	昆明市	102.72	25.05
1717	2	156	61	铜陵市	117.82	30.93
1720	2	156	61	深圳市	114.05	22.55
1721	2	156	61	昆明市	102.72	25.05
1725	2	156	61	昆明市	102.72	25.05
1727	2	156	61	昆明市	102.72	25.05
1728	2	156	66	临沂市	118.35	35.05
1729	2	156	61	杭州市	120.15	30.28
1732	2	157	61	厦门市	118.08	24.48
1733	2	157	61	青岛市	120.38	36.07
1734	2	157	62	昆明市	102.72	25.05
1737	2	157	61	乌鲁木齐市	87.62	43.82
1739	2	157	63	阿克苏市	80.27	41.17
1740	2	157	61	昆明市	102.72	25.05
1742	2	157	61	鹤岗市	130.27	47.33
1746	2	157	61	中山市	113.38	22.52
1749	2	157	61	厦门市	118.08	24.48
1751	2	157	62	昆明市	102.72	25.05
1752	2	157	61	兰州市	103.82	36.07
1753	2	158	61	昆明市	102.72	25.05
1754	2	158	68	郑州市	113.62	34.75
1756	2	158	61	长沙市	112.93	28.23
1760	2	158	61	七台河市	130.95	45.78
1762	2	158	61	成都市	104.07	30.67
1764	2	158	61	昆明市	102.72	25.05
1771	2	159	61	淄博市	118.05	36.82
1772	2	159	61	昆明市	102.72	25.05
1773	2	159	61	西安市	108.93	34.27
1774	2	159	67	昆明市	102.72	25.05
1775	2	159	61	昆明市	102.72	25.05
1776	2	159	62	绍兴市	120.57	30.0
1778	2	159	64	深圳市	114.05	22.55
1781	2	159	61	乌鲁木齐市	87.62	43.82
1783	2	159	61	厦门市	118.08	24.48
1784	2	159	61	苏州市	120.58	31.3
1785	2	159	61	济南市	116.98	36.67
1788	2	160	61	昆明市	102.72	25.05
1790	2	160	61	昆明市	102.72	25.05
1791	2	160	61	湛江市	110.35	21.27
1793	2	160	61	和田市	79.92	37.12
1794	2	160	61	昆明市	102.72	25.05
1795	2	160	61	昆明市	102.72	25.05
1796	2	160	61	昆明市	102.72	25.05
1798	2	160	61	昆明市	102.72	25.05
1801	2	160	61	昆明市	102.72	25.05
1804	3	1	91	淮安市	119.02	33.62
1805	3	2	91	珠海市	113.57	22.27
1806	3	16	91	合肥市	117.25	31.83
1811	3	25	91	宿州市	116.98	33.63
1815	3	30	91	广州市	113.27	23.13
1817	3	34	91	鄂州市	114.88	30.4
1818	3	36	91	合肥市	117.25	31.83
1819	3	40	91	南昌市	115.85	28.68
1820	3	48	91	哈尔滨市	126.53	45.8
1822	3	51	91	贵阳市	106.63	26.65
1823	3	54	91	南昌市	115.85	28.68
1824	3	56	91	吉林市	126.55	43.83
1827	3	70	91	日照市	119.52	35.42
1828	3	76	91	湘潭市	112.93	27.83
1830	3	77	91	广州市	113.27	23.13
1831	3	77	91	潍坊市	119.15	36.7
1832	3	77	91	兰州市	103.82	36.07
1833	3	79	91	武汉市	114.3	30.6
1835	3	86	91	周口市	114.65	33.62
1836	3	86	91	南京市	118.78	32.07
1838	3	86	91	娄底市	112.0	27.73
1839	3	87	91	广州市	113.27	23.13
1840	3	88	91	珠海市	113.57	22.27
1841	3	89	91	常州市	119.95	31.78
1842	3	89	94	信阳市	114.07	32.13
1843	3	89	92	芜湖市	118.38	31.33
1847	3	90	91	宝鸡市	107.13	34.37
1853	3	92	92	台北市	121.5	25.03
1857	3	92	92	青岛市	120.38	36.07
1858	3	92	93	南通市	120.88	31.98
1860	3	92	93	娄底市	112.0	27.73
1861	3	92	94	台北市	121.5	25.03
1862	3	93	94	成都市	104.07	30.67
1863	3	93	92	南昌市	115.85	28.68
1864	3	93	92	台北市	121.5	25.03
1867	3	93	99	娄底市	112.0	27.73
1868	3	93	96	娄底市	112.0	27.73
1869	3	93	92	东莞市	113.75	23.05
1871	3	93	91	内江市	105.05	29.58
1872	3	93	92	武汉市	114.3	30.6
1875	3	93	91	郑州市	113.62	34.75
1876	3	94	91	南平市	118.17	26.65
1878	3	94	92	南宁市	108.37	22.82
1879	3	94	91	武汉市	114.3	30.6
1880	3	94	91	葫芦岛市	120.83	40.72
1882	3	94	91	深圳市	114.05	22.55
1883	3	94	91	珠海市	113.57	22.27
1886	3	95	91	白银市	104.18	36.55
1887	3	95	97	金华市	119.65	29.08
1891	3	95	91	通辽市	122.27	43.62
1896	3	96	92	开封市	114.3	34.8
1898	3	96	91	台北市	121.5	25.03
1899	3	96	91	娄底市	112.0	27.73
1913	3	98	91	东莞市	113.75	23.05
1914	3	98	91	高雄市	120.28	22.62
1915	3	98	95	金华市	119.65	29.08
1916	3	99	93	徐州市	117.18	34.27
1920	3	100	91	兰州市	103.82	36.07
1921	3	100	92	三亚市	109.5	18.25
1926	3	100	91	常州市	119.95	31.78
1927	3	100	91	杭州市	120.15	30.28
1929	3	101	92	昭通市	103.72	27.33
1931	3	101	92	福州市	119.3	26.08
1932	3	102	92	葫芦岛市	120.83	40.72
1933	3	102	92	儋州市	109.57	19.52
1934	3	103	92	广元市	105.83	32.43
1935	3	103	91	衡阳市	112.57	26.9
1936	3	103	91	南平市	118.17	26.65
1938	3	103	91	金华市	119.65	29.08
1941	3	103	91	玉林市	110.17	22.63
1945	3	104	91	大连市	121.62	38.92
1946	3	104	91	大理市	100.23	25.6
1951	3	104	91	宁波市	121.55	29.88
1952	3	105	91	西安市	108.93	34.27
1953	3	105	95	郑州市	113.62	34.75
1954	3	105	93	昭通市	103.72	27.33
1955	3	105	91	西安市	108.93	34.27
1956	3	105	92	湘潭市	112.93	27.83
1957	3	105	91	德州市	116.3	37.45
1961	3	106	91	包头市	109.83	40.65
1962	3	106	91	莆田市	119.0	25.43
1964	3	106	92	南昌市	115.85	28.68
1965	3	106	93	南昌市	115.85	28.68
1966	3	106	93	泸州市	105.43	28.87
1967	3	106	95	南京市	118.78	32.07
1968	3	106	91	深圳市	114.05	22.55
1970	3	107	91	武汉市	114.3	30.6
1974	3	107	91	温州市	120.7	28.0
1975	3	107	91	湛江市	110.35	21.27
1976	3	108	94	合肥市	117.25	31.83
1977	3	108	91	上饶市	117.97	28.45
1981	3	108	91	吉林市	126.55	43.83
1983	3	108	91	温州市	120.7	28.0
1990	3	109	91	南京市	118.78	32.07
1991	3	109	91	周口市	114.65	33.62
1992	3	109	91	兰州市	103.82	36.07
1995	3	109	91	南昌市	115.85	28.68
1996	3	110	91	达州市	107.5	31.22
1998	3	110	91	宝鸡市	107.13	34.37
1999	3	110	94	周口市	114.65	33.62
2000	3	110	91	镇江市	119.45	32.2
2001	3	110	91	贵阳市	106.63	26.65
2002	3	111	94	衡阳市	112.57	26.9
2005	3	111	91	南京市	118.78	32.07
2006	3	111	99	茂名市	110.92	21.67
2007	3	111	92	咸阳市	108.7	34.33
2008	3	111	92	厦门市	118.08	24.48
2009	3	111	91	贵阳市	106.63	26.65
2010	3	111	91	沈阳市	123.43	41.8
2011	3	111	91	长沙市	112.93	28.23
2012	3	111	91	徐州市	117.18	34.27
2014	3	111	91	惠州市	114.42	23.12
2016	3	112	91	南宁市	108.37	22.82
2017	3	112	91	烟台市	121.43	37.45
2021	3	112	92	哈尔滨市	126.53	45.8
2023	3	112	91	三明市	117.62	26.27
2024	3	112	92	兰州市	103.82	36.07
2025	3	112	92	玉溪市	102.55	24.35
2026	3	112	92	武汉市	114.3	30.6
2027	3	112	91	青岛市	120.38	36.07
2030	3	113	91	漯河市	114.02	33.58
2031	3	113	93	信阳市	114.07	32.13
2033	3	113	91	遵义市	106.92	27.73
2034	3	113	92	宜宾市	104.62	28.77
2035	3	113	91	丽江市	100.23	26.88
2036	3	113	92	新余市	114.92	27.82
2037	3	113	91	高雄市	120.28	22.62
2038	3	113	91	抚顺市	123.98	41.88
2039	3	113	91	商洛市	109.93	33.87
2041	3	114	91	厦门市	118.08	24.48
2043	3	114	91	郑州市	113.62	34.75
2045	3	114	91	广州市	113.27	23.13
2047	3	114	95	东莞市	113.75	23.05
2049	3	115	91	厦门市	118.08	24.48
2051	3	115	91	茂名市	110.92	21.67
2052	3	115	91	遵义市	106.92	27.73
2053	3	115	92	九江市	116.0	29.7
2054	3	115	91	周口市	114.65	33.62
2056	3	115	92	九江市	116.0	29.7
2057	3	115	91	邵阳市	111.47	27.25
2058	3	116	92	南宁市	108.37	22.82
2059	3	116	91	青岛市	120.38	36.07
2060	3	116	92	西安市	108.93	34.27
2061	3	116	91	株洲市	113.13	27.83
2064	3	116	91	南京市	118.78	32.07
2071	3	117	91	嘉兴市	120.75	30.75
2072	3	117	96	桂林市	110.28	25.28
2077	3	118	91	广州市	113.27	23.13
2078	3	118	91	聊城市	115.98	36.45
2083	3	118	91	东莞市	113.75	23.05
2085	3	119	92	武汉市	114.3	30.6
2086	3	119	92	银川市	106.28	38.47
2087	3	119	92	金华市	119.65	29.08
2089	3	120	93	深圳市	114.05	22.55
2091	3	120	91	南京市	118.78	32.07
2092	3	120	91	泸州市	105.43	28.87
2093	3	120	91	无锡市	120.3	31.57
2095	3	120	91	衡阳市	112.57	26.9
2096	3	120	91	昭通市	103.72	27.33
2099	3	121	91	武汉市	114.3	30.6
2105	3	122	93	合肥市	117.25	31.83
2106	3	122	92	榆林市	109.73	38.28
2108	3	122	91	南京市	118.78	32.07
2110	3	122	91	北海市	109.12	21.48
2112	3	122	92	渭南市	109.5	34.5
2113	3	122	91	南昌市	115.85	28.68
2114	3	122	91	高雄市	120.28	22.62
2115	3	123	93	福州市	119.3	26.08
2116	3	123	94	阳江市	111.98	21.87
2119	3	123	91	广州市	113.27	23.13
2121	3	124	91	合肥市	117.25	31.83
2122	3	124	91	周口市	114.65	33.62
2124	3	124	92	武汉市	114.3	30.6
2125	3	124	91	南平市	118.17	26.65
2126	3	124	94	安阳市	114.38	36.1
2127	3	124	91	河池市	108.07	24.7
2131	3	125	91	南京市	118.78	32.07
2133	3	125	91	韶关市	113.6	24.82
2135	3	126	91	铜陵市	117.82	30.93
2137	3	127	92	南充市	106.08	30.78
2138	3	127	91	嘉兴市	120.75	30.75
2140	3	127	92	忻州市	112.73	38.42
2146	3	127	92	枣庄市	117.32	34.82
2147	3	127	92	武汉市	114.3	30.6
2149	3	128	94	通化市	125.93	41.73
2152	3	128	94	抚州市	116.35	28.0
2155	3	129	92	合肥市	117.25	31.83
2158	3	129	91	南京市	118.78	32.07
2160	3	130	91	枣庄市	117.32	34.82
2161	3	130	91	苏州市	120.58	31.3
2162	3	130	91	阜阳市	115.82	32.9
2164	3	130	91	德州市	116.3	37.45
2169	3	131	91	周口市	114.65	33.62
2174	3	132	91	南平市	118.17	26.65
2175	3	132	92	厦门市	118.08	24.48
2176	3	132	93	台北市	121.5	25.03
2177	3	132	91	深圳市	114.05	22.55
2178	3	132	91	承德市	117.93	40.97
2179	3	132	91	乌兰察布市	113.12	40.98
2182	3	133	91	儋州市	109.57	19.52
2183	3	133	91	信阳市	114.07	32.13
2184	3	133	91	常州市	119.95	31.78
2185	3	133	91	洛阳市	112.45	34.62
2186	3	134	91	荆州市	112.23	30.33
2187	3	134	94	龙岩市	117.03	25.1
2191	3	134	91	昆明市	102.72	25.05
2193	3	134	91	沈阳市	123.43	41.8
2194	3	135	91	大连市	121.62	38.92
2195	3	135	96	岳阳市	113.12	29.37
2196	3	135	91	成都市	104.07	30.67
2199	3	135	92	苏州市	120.58	31.3
2201	3	136	92	阜阳市	115.82	32.9
2202	3	136	91	西安市	108.93	34.27
2204	3	136	91	武汉市	114.3	30.6
2206	3	136	91	咸阳市	108.7	34.33
2207	3	136	91	西安市	108.93	34.27
2208	3	136	92	常州市	119.95	31.78
2210	3	137	93	成都市	104.07	30.67
2218	3	137	91	大连市	121.62	38.92
2223	3	137	91	绥化市	126.98	46.63
2225	3	138	93	长沙市	112.93	28.23
2228	3	138	91	昆明市	102.72	25.05
2229	3	138	92	滁州市	118.32	32.3
2230	3	138	91	自贡市	104.78	29.35
2232	3	138	91	武汉市	114.3	30.6
2234	3	139	95	沈阳市	123.43	41.8
2235	3	139	91	昭通市	103.72	27.33
2236	3	139	91	珠海市	113.57	22.27
2238	3	139	93	兰州市	103.82	36.07
2239	3	139	91	青岛市	120.38	36.07
2243	3	140	91	信阳市	114.07	32.13
2245	3	140	94	苏州市	120.58	31.3
2247	3	140	92	漳州市	117.65	24.52
2251	3	141	99	信阳市	114.07	32.13
2253	3	141	93	宿州市	116.98	33.63
2254	3	141	91	信阳市	114.07	32.13
2256	3	141	91	南平市	118.17	26.65
2257	3	141	92	南京市	118.78	32.07
2258	3	141	91	扬州市	119.4	32.4
2262	3	141	92	毕节市	105.28	27.3
2263	3	141	91	郑州市	113.62	34.75
2266	3	142	91	西安市	108.93	34.27
2267	3	143	91	广州市	113.27	23.13
2268	3	143	91	信阳市	114.07	32.13
2271	3	144	91	徐州市	117.18	34.27
2272	3	144	92	南昌市	115.85	28.68
2273	3	144	91	成都市	104.07	30.67
2274	3	144	91	苏州市	120.58	31.3
2275	3	144	91	赤峰市	118.92	42.27
2276	3	144	93	广州市	113.27	23.13
2277	3	145	91	石家庄市	114.52	38.05
2278	3	145	91	乌兰察布市	113.12	40.98
2279	3	145	92	青岛市	120.38	36.07
2281	3	146	92	武汉市	114.3	30.6
2282	3	146	91	泉州市	118.67	24.88
2285	3	147	94	咸阳市	108.7	34.33
2286	3	147	91	白银市	104.18	36.55
2289	3	147	91	岳阳市	113.12	29.37
2290	3	147	91	吉林市	126.55	43.83
2291	3	147	91	湛江市	110.35	21.27
2292	3	147	91	信阳市	114.07	32.13
2293	3	147	91	上饶市	117.97	28.45
2295	3	149	91	长沙市	112.93	28.23
2296	3	149	91	抚州市	116.35	28.0
2297	3	149	94	哈尔滨市	126.53	45.8
2299	3	150	91	武汉市	114.3	30.6
2303	3	150	92	南京市	118.78	32.07
2304	3	150	91	焦作市	113.25	35.22
2305	3	150	91	武汉市	114.3	30.6
2307	3	150	99	成都市	104.07	30.67
2309	3	151	91	绵阳市	104.73	31.47
2310	3	151	91	广州市	113.27	23.13
2311	3	151	91	海口市	110.32	20.03
2313	3	151	92	儋州市	109.57	19.52
2315	3	152	92	达州市	107.5	31.22
2316	3	152	91	哈尔滨市	126.53	45.8
2317	3	152	91	朔州市	112.43	39.33
2318	3	152	91	嘉兴市	120.75	30.75
2319	3	152	93	昆明市	102.72	25.05
2320	3	152	91	昆明市	102.72	25.05
2322	3	152	91	成都市	104.07	30.67
2323	3	152	91	广州市	113.27	23.13
2324	3	153	93	汉中市	107.02	33.07
2326	3	153	94	长沙市	112.93	28.23
2330	3	153	91	丽水市	119.92	28.45
2331	3	153	91	东方市	108.63	19.1
2333	3	153	91	莆田市	119.0	25.43
2334	3	153	98	沈阳市	123.43	41.8
2338	3	154	91	武汉市	114.3	30.6
2339	3	154	91	十堰市	110.78	32.65
2340	3	154	91	珠海市	113.57	22.27
2342	3	154	91	黄石市	115.03	30.2
2344	3	154	91	东莞市	113.75	23.05
2345	3	155	91	武汉市	114.3	30.6
2347	3	155	91	成都市	104.07	30.67
2350	3	155	91	信阳市	114.07	32.13
2351	3	155	96	太原市	112.55	37.87
2352	3	155	95	荆门市	112.2	31.03
2353	3	155	91	广州市	113.27	23.13
2355	3	155	91	湛江市	110.35	21.27
2356	3	155	91	兰州市	103.82	36.07
2357	3	155	91	吉林市	126.55	43.83
2359	3	156	92	青岛市	120.38	36.07
2361	3	156	91	西安市	108.93	34.27
2363	3	156	91	沈阳市	123.43	41.8
2364	3	156	91	大连市	121.62	38.92
2366	3	156	91	常德市	111.68	29.05
2368	3	156	91	泸州市	105.43	28.87
2370	3	156	91	杭州市	120.15	30.28
2372	3	156	91	南京市	118.78	32.07
2373	3	156	91	内江市	105.05	29.58
2374	3	156	91	衡阳市	112.57	26.9
2375	3	157	92	青岛市	120.38	36.07
2378	3	158	91	徐州市	117.18	34.27
2379	3	158	94	太原市	112.55	37.87
2380	3	158	91	哈尔滨市	126.53	45.8
2381	3	158	92	六安市	116.5	31.77
2382	3	158	91	合肥市	117.25	31.83
2385	3	158	91	抚州市	116.35	28.0
2386	3	158	91	成都市	104.07	30.67
2387	3	158	98	安康市	109.02	32.68
2393	3	160	92	兰州市	103.82	36.07
2394	3	160	91	潍坊市	119.15	36.7
2396	3	160	91	合肥市	117.25	31.83
2397	3	160	92	南充市	106.08	30.78
2399	3	160	91	滁州市	118.32	32.3